1111 11. 11111.

1111011118Πὸ 111) CAP. ΠΙ. ET lv.
VISCONTI IGONOGRAPHIE GREGQUE 111. p. 305.

11 1111111111111111111 11 11 nn 11111111 uu 1111111 tumber 1111111111 11
11111111111111-1111111. 111 1111111 11 11 uuyuume nutent 11111111 quelque
tempu 1111 111111111111, 11 111111111 conrnune 111 11 11111111111111, 11111111
111111111111111, 11 qui u’nvuit point 1111111 111 1111. Mais 111 1111111111,
1111111111111111 divinus 11 deux 111111, 1111 111 11111 suun 1111111111 111
numnius, 1111111111 11111 1111111111, 111111111111111111111, 1111111111111
11111 11111111, 1111111111111 pour 111 sou 111111111111, qui 11111 1111111.
Auguste ln 11111111111, 11 11 111 11111111 1111111111 pur ’1111111 11111111-
111, qui 11 11111111 1111111111 111 20 1111111111 1111111111. 1)

111111111111111111111111, 11 11 11111111 11 11111 pas long-temps .

1111111111 11 111 111111, que, 1111111111111 1011111, 11 avait 1111111111 111
1111111111111 111111 11 l‘hymeu. ²) 11 111 1111111111 qun 11 111111111111,
111111111111111 dn 1111111111, 111111111 11 1111111111 pour 111 Parthus: Rome
1111111111, 11 1111111 conrnune 1 11 11111 1111111111, 11111116 avaut 11
11111111. Tigrane, nunc 11111111111111111, prit 11 11111111111111 111
uptun, 11111111111111111111111111111111. 11111111111111111111111111,
peut-fils 11 1111111111111111111, 1111111111 1011111 pour 11111 11111111 nux
11111111 11 1111111111 1111111111. 1111111111 111 1111111111 111111111111111-
1111111 1111111111111111 parmi 111 111111111111111 1111111111111111111
11111. Tigrane 11111111 111111 1111 11111111111111111 11111111111111, 11
ily 111111 11 111 11 11 environ 111111’11111111111111.3)

Erato, 1111111111 1111 soeuu, 1111111111 11111111 11’11111’11111111
[111 11111111 1111111111 1111111 eunus donna 1111111 nux 1111111111 11111111-
1111, 111111 modu qui 1111111111 1111111111 1111 1111111111. 1111111111τὸ-
1111111 111111 111111111 1111 11 nou 111 111111111111111111111 1111 du
1111111111111111, 11 put 1111111111111111 11111. 111111 11111111 111111-
1111 111111111111111 11 luserunt 1111111 11111 111111111 pur 111 1111111 1)1
11111 111111 1111111111 11 11111, 11 111111111 y 1111111111111, 1111111111 “
111111111111111111 11 ruyuumn 111 Parthen, vers 111 5 11 1111 vulgaire.

Lu 1111111111 11 bronze 11111111111111. 511 11 plancho 11111. 111111-

11111111Τί11111 11 11111 presente 111 11111111 1111111 1111111. Le 111 111
otuu 11 11 11111 1111111111, 1111111111 mmm 1111111111 mmmm
11111111 111 uum utnon 111111). [11111111 du 111111 1111311 Erato, 11111·

1) Sunt. ’111. 1. 1) 1111111111 11111111 1111111111111111111111111111111111
11111 111 111111 1111111 (111111111111. 11111. n. 11511 171). 111111111111111111
111 1111111111 11111 1111111 11 1111111 11111111 111111111111111111(Δ1111.1, 3111),
1111111 11, 11. 1111111, 1111111111111 11111111 11111, 111111 111 11. 111111
11111111. 131111 11111111 11111111 11111111 111 1111111, 111 111111111 11111 111111
111 111111111 11111111, 1111111111 1111111111111. 1) 11111 (11111111111111111111
11 111. 1111111111 11111. nuru, 1⁸00, 111. ung. ’1 118. 111111. 811111111111.) 111
1111111111, 1111111111 mourut 1111 1111111111 Τιγράνου 111 πολέμου τινὸς
βαρβαρικοῦ φθαρέντος. 4) (1111111111 1111111111 11 111111, 1111111111. 11111111
1111 numennumen. 111111 11111111 1111111111111111, 11111 111111 111111111
nne 1111 11 1111111 111 111111111 lutuno 11 Τ111111. 01 5 111, ΒΑΣΙΛΕΥΣ
Hm ΝΕΟΣ numus. (11111 11111111 1111111111 11111111111111111111111111
1111111111.

Tuum , 10

 

